AId,AUserId,QId,ATime,AScore,ACommentCount
3,18,1,2014-11-18 21:23:18.733,2,0
5,13,1,2014-11-18 21:26:03.670,6,2
12,31,4,2014-11-18 22:04:49.697,8,2
13,28,1,2014-11-18 22:07:41.873,2,0
14,13,7,2014-11-18 22:11:11.580,3,2
15,43,7,2014-11-18 22:17:05.187,5,0
16,17,1,2014-11-18 22:27:54.437,3,0
21,59,18,2014-11-18 23:17:22.200,4,0
22,25,4,2014-11-18 23:22:36.143,14,0
24,9,18,2014-11-18 23:28:59.287,9,6
25,59,17,2014-11-18 23:33:51.587,8,0
26,18,9,2014-11-18 23:40:32.330,2,1
27,27,1,2014-11-18 23:41:16.593,-1,0
28,59,23,2014-11-18 23:48:00.303,9,1
29,72,17,2014-11-19 00:02:33.080,12,0
30,68,19,2014-11-19 00:26:01.380,6,1
32,54,17,2014-11-19 00:46:23.923,7,0
33,59,6,2014-11-19 01:06:42.327,1,2
34,54,31,2014-11-19 01:35:44.597,2,0
36,86,35,2014-11-19 02:06:56.440,12,1
37,14,35,2014-11-19 02:14:55.490,22,2
38,59,35,2014-11-19 02:55:33.330,18,0
39,61,11,2014-11-19 03:05:14.307,10,3
41,61,23,2014-11-19 03:30:39.447,6,0
43,59,42,2014-11-19 04:07:14.663,1,0
44,14,42,2014-11-19 04:09:31.643,3,0
49,61,35,2014-11-19 04:28:54.327,50,4
51,14,47,2014-11-19 04:53:04.517,12,0
52,61,47,2014-11-19 04:53:23.330,7,0
54,38,35,2014-11-19 05:18:00.853,17,1
55,54,35,2014-11-19 05:22:36.393,33,7
57,31,46,2014-11-19 05:36:15.590,-2,6
58,54,47,2014-11-19 05:56:41.617,10,0
59,108,46,2014-11-19 08:08:59.100,6,1
63,108,50,2014-11-19 09:44:29.440,10,0
64,93,46,2014-11-19 09:53:13.443,10,2
66,29,61,2014-11-19 10:15:09.013,2,2
67,93,50,2014-11-19 10:18:59.923,8,1
69,108,35,2014-11-19 10:58:02.683,7,0
70,29,65,2014-11-19 11:12:03.240,9,0
71,119,46,2014-11-19 11:45:25.840,18,5
72,61,17,2014-11-19 11:58:37.687,4,0
76,37,7,2014-11-19 12:43:01.853,4,0
77,61,45,2014-11-19 12:45:17.227,4,1
78,54,68,2014-11-19 12:52:14.790,3,0
79,37,68,2014-11-19 13:03:47.917,3,0
83,120,75,2014-11-19 13:48:00.320,14,0
84,108,74,2014-11-19 14:21:43.723,3,0
85,84,80,2014-11-19 14:24:44.980,1,2
86,125,17,2014-11-19 14:29:55.507,3,0
87,125,35,2014-11-19 14:40:38.533,9,1
90,69,68,2014-11-19 14:55:32.170,3,1
92,15,46,2014-11-19 15:13:51.937,0,1
94,15,45,2014-11-19 15:16:53.870,2,3
96,132,89,2014-11-19 15:24:43.607,5,3
98,108,93,2014-11-19 15:40:48.833,5,0
102,69,31,2014-11-19 17:07:03.000,1,7
103,59,48,2014-11-19 17:11:06.363,2,0
104,43,48,2014-11-19 17:15:27.093,8,2
105,59,56,2014-11-19 17:16:24.577,1,7
108,20,106,2014-11-19 17:31:59.693,4,5
111,108,110,2014-11-19 18:35:59.037,9,2
112,31,62,2014-11-19 18:41:04.897,6,0
113,17,110,2014-11-19 18:55:41.487,5,8
114,61,97,2014-11-19 19:25:38.357,2,1
115,69,62,2014-11-19 19:58:29.750,8,2
116,61,110,2014-11-19 20:02:43.983,5,0
117,31,88,2014-11-19 20:04:46.173,15,7
118,14,95,2014-11-19 20:34:16.157,7,5
120,59,119,2014-11-19 21:24:34.243,1,0
121,43,62,2014-11-19 21:26:48.307,1,1
122,59,8,2014-11-19 21:33:51.850,7,0
123,59,97,2014-11-19 21:50:13.933,0,1
127,68,47,2014-11-19 22:14:52.000,5,3
129,44,125,2014-11-19 22:33:32.063,5,5
133,127,95,2014-11-19 23:00:59.097,10,0
136,59,131,2014-11-19 23:44:21.410,10,4
138,40,73,2014-11-20 00:53:43.773,1,0
139,54,124,2014-11-20 01:39:32.127,11,0
141,61,125,2014-11-20 03:08:33.893,8,1
143,59,20,2014-11-20 03:37:43.823,1,0
144,54,107,2014-11-20 04:51:23.343,6,2
146,29,110,2014-11-20 05:12:54.780,3,1
147,61,132,2014-11-20 05:15:13.160,5,0
148,38,134,2014-11-20 05:42:05.690,4,0
149,38,95,2014-11-20 05:47:07.900,3,1
152,108,150,2014-11-20 10:28:13.527,8,0
153,119,137,2014-11-20 10:55:01.710,2,0
154,61,131,2014-11-20 13:00:43.417,9,4
156,61,75,2014-11-20 13:35:34.713,17,0
158,61,140,2014-11-20 14:12:01.663,11,0
159,15,140,2014-11-20 14:42:34.793,0,0
160,15,101,2014-11-20 15:01:19.553,2,0
161,15,88,2014-11-20 15:05:23.963,3,11
162,15,62,2014-11-20 15:18:51.477,5,0
164,120,157,2014-11-20 15:47:08.067,2,0
165,108,9,2014-11-20 16:12:57.943,3,0
167,43,166,2014-11-20 16:34:20.310,11,6
168,108,166,2014-11-20 17:01:19.680,15,1
172,119,166,2014-11-20 18:18:42.623,7,9
174,38,173,2014-11-20 18:43:25.327,13,0
175,54,140,2014-11-20 19:00:12.800,10,0
176,59,170,2014-11-20 19:10:14.373,1,0
177,59,169,2014-11-20 19:28:40.600,1,0
183,69,181,2014-11-20 22:58:16.283,1,1
185,180,169,2014-11-20 23:34:39.543,4,0
186,84,170,2014-11-20 23:54:18.410,3,1
187,54,180,2014-11-21 00:09:47.640,49,4
189,84,106,2014-11-21 00:50:28.683,1,0
190,81,170,2014-11-21 00:50:45.677,1,0
191,72,184,2014-11-21 04:36:07.340,2,0
192,61,184,2014-11-21 04:45:24.403,7,2
195,172,193,2014-11-21 11:02:42.173,2,2
196,150,193,2014-11-21 11:11:28.017,10,4
198,61,197,2014-11-21 12:03:45.770,2,0
199,84,194,2014-11-21 12:32:18.427,6,2
202,61,145,2014-11-21 14:29:51.770,5,0
203,86,188,2014-11-21 14:37:39.410,4,5
204,108,128,2014-11-21 15:03:28.453,2,0
206,14,201,2014-11-21 15:06:01.637,6,0
211,61,182,2014-11-21 18:55:50.797,5,5
213,61,126,2014-11-21 21:26:46.493,4,0
214,15,166,2014-11-21 21:50:41.370,1,1
215,61,208,2014-11-22 00:51:41.973,3,0
216,43,208,2014-11-22 01:07:40.887,7,0
220,127,210,2014-11-22 04:57:07.297,4,5
221,14,219,2014-11-22 05:25:00.107,3,7
222,108,219,2014-11-22 09:43:03.817,9,0
223,108,131,2014-11-22 10:03:55.807,6,0
227,108,225,2014-11-22 17:56:54.167,25,3
228,207,179,2014-11-22 17:57:51.217,4,0
229,15,35,2014-11-22 19:01:50.807,6,4
230,43,193,2014-11-22 19:24:04.450,6,0
231,61,210,2014-11-22 20:21:49.070,7,1
234,61,134,2014-11-22 21:01:03.033,6,1
235,127,232,2014-11-22 21:07:59.583,1,0
237,47,35,2014-11-22 21:55:29.013,19,0
238,43,232,2014-11-22 22:00:23.790,6,0
239,14,232,2014-11-22 22:00:40.767,11,0
242,15,241,2014-11-22 23:11:16.267,0,0
243,43,241,2014-11-22 23:20:09.460,1,2
244,54,240,2014-11-23 00:45:51.920,3,0
246,15,236,2014-11-23 02:30:01.507,0,1
247,86,210,2014-11-23 02:50:52.457,7,0
248,93,236,2014-11-23 03:33:51.620,1,0
249,86,236,2014-11-23 03:59:58.333,2,4
252,213,245,2014-11-23 05:11:21.250,3,1
254,108,241,2014-11-23 09:56:24.633,7,0
255,108,251,2014-11-23 10:21:08.410,9,8
257,108,245,2014-11-23 10:42:26.463,1,2
259,211,253,2014-11-23 13:58:25.327,1,0
260,15,245,2014-11-23 18:43:41.497,-1,2
261,68,245,2014-11-23 19:11:49.083,1,0
263,43,262,2014-11-23 21:06:20.447,5,8
264,17,262,2014-11-23 21:12:06.613,3,0
265,108,225,2014-11-23 21:43:38.640,6,0
269,,262,2014-11-23 21:51:53.203,4,5
270,14,262,2014-11-23 22:08:17.477,7,2
272,150,267,2014-11-23 22:35:07.463,3,2
273,47,266,2014-11-23 22:46:28.373,9,1
274,31,268,2014-11-23 23:02:24.837,3,0
275,211,268,2014-11-23 23:05:12.383,2,2
277,43,276,2014-11-24 00:34:59.640,2,2
278,14,276,2014-11-24 01:03:12.017,9,0
279,132,266,2014-11-24 01:30:02.307,11,0
282,72,201,2014-11-24 03:12:11.070,1,0
285,31,280,2014-11-24 03:22:07.100,1,2
286,14,281,2014-11-24 03:35:28.270,4,1
287,31,283,2014-11-24 04:23:12.763,2,0
288,38,224,2014-11-24 04:59:43.670,8,0
289,38,225,2014-11-24 05:15:48.397,4,0
291,108,276,2014-11-24 07:20:50.847,11,0
293,,140,2014-11-24 10:25:33.143,5,0
295,119,218,2014-11-24 13:12:29.553,2,0
296,17,294,2014-11-24 15:14:57.920,11,0
297,17,258,2014-11-24 15:50:21.170,13,4
300,14,299,2014-11-24 17:35:55.587,6,1
302,61,301,2014-11-24 19:36:36.107,4,0
303,108,299,2014-11-24 19:55:21.550,3,0
304,25,292,2014-11-24 20:05:31.477,3,0
306,119,292,2014-11-24 23:08:28.563,2,0
309,17,299,2014-11-25 02:18:49.087,6,1
310,17,308,2014-11-25 03:22:45.607,9,0
311,47,308,2014-11-25 05:06:59.927,9,1
312,61,305,2014-11-25 09:55:57.307,7,0
314,127,299,2014-11-25 13:40:08.687,2,0
316,20,313,2014-11-25 14:06:15.717,4,4
317,38,219,2014-11-25 16:07:23.937,2,3
322,40,283,2014-11-25 22:49:23.267,3,1
323,68,318,2014-11-25 23:35:49.943,3,0
324,38,315,2014-11-25 23:40:46.807,2,0
328,47,327,2014-11-26 03:24:00.280,2,0
329,61,327,2014-11-26 03:41:15.167,6,2
330,68,325,2014-11-26 04:08:52.023,11,0
331,38,326,2014-11-26 04:43:22.870,3,8
334,38,333,2014-11-26 14:50:22.680,3,3
335,109,321,2014-11-26 16:42:09.350,2,0
337,14,326,2014-11-26 18:07:30.990,3,0
338,241,332,2014-11-26 18:35:51.653,1,1
340,68,336,2014-11-26 20:22:22.297,3,2
341,25,332,2014-11-26 20:51:02.980,3,0
343,61,339,2014-11-27 01:01:52.690,8,1
345,25,339,2014-11-27 07:41:36.623,4,0
346,108,342,2014-11-27 11:37:25.427,5,3
347,108,344,2014-11-27 15:28:30.380,4,10
349,29,348,2014-11-27 20:47:22.343,8,1
350,42,219,2014-11-27 23:11:04.317,4,4
352,61,351,2014-11-28 00:09:22.037,4,7
353,126,48,2014-11-28 07:42:14.960,17,0
354,61,344,2014-11-28 10:14:29.483,7,4
355,,344,2014-11-28 10:26:00.287,3,0
357,27,356,2014-11-28 18:43:55.890,0,3
359,68,356,2014-11-28 19:34:03.037,2,1
360,43,344,2014-11-28 22:22:39.743,3,5
362,31,351,2014-11-29 05:22:19.020,2,0
365,108,363,2014-11-29 12:38:43.350,10,1
366,31,364,2014-11-29 17:29:28.957,3,0
369,108,368,2014-11-30 08:30:17.020,9,7
371,59,370,2014-11-30 13:19:56.213,4,0
374,250,351,2014-11-30 16:04:29.327,5,1
375,250,358,2014-11-30 16:36:21.493,2,13
376,61,370,2014-11-30 17:20:20.197,7,0
377,250,373,2014-11-30 18:35:47.733,11,0
378,38,363,2014-11-30 21:18:29.050,5,0
385,123,383,2014-12-01 12:59:40.983,3,5
387,38,379,2014-12-01 15:51:20.703,4,0
388,38,73,2014-12-01 16:38:03.357,2,0
389,264,382,2014-12-01 19:22:19.900,6,0
390,13,344,2014-12-01 19:43:45.337,3,4
391,13,336,2014-12-01 20:07:47.633,2,3
392,13,226,2014-12-01 20:22:45.647,2,0
393,268,379,2014-12-01 20:51:14.480,0,1
397,69,396,2014-12-01 21:51:11.717,4,3
398,273,18,2014-12-01 22:28:56.137,3,2
399,61,361,2014-12-01 22:32:19.527,22,0
400,84,358,2014-12-02 00:53:06.893,1,2
401,68,358,2014-12-02 07:16:35.323,2,3
403,115,368,2014-12-02 12:53:03.950,4,0
406,93,404,2014-12-02 15:34:24.547,0,4
409,126,258,2014-12-02 22:14:23.360,8,0
410,292,348,2014-12-02 22:16:08.040,3,0
413,61,396,2014-12-03 05:00:22.267,2,0
415,227,361,2014-12-03 11:00:13.007,11,4
418,61,407,2014-12-03 13:03:35.157,2,0
421,61,419,2014-12-03 15:50:13.097,11,6
422,250,417,2014-12-03 16:16:26.517,10,4
423,38,419,2014-12-03 16:20:55.830,7,0
425,38,411,2014-12-03 18:14:24.940,5,2
426,150,419,2014-12-03 19:31:59.150,5,1
430,59,429,2014-12-03 22:34:18.453,28,5
432,38,429,2014-12-03 23:10:00.277,7,0
433,43,429,2014-12-03 23:12:08.497,7,0
435,314,429,2014-12-04 00:26:04.857,4,4
439,320,429,2014-12-04 05:33:38.437,-5,3
440,321,438,2014-12-04 05:42:46.707,7,4
441,38,427,2014-12-04 05:45:36.973,8,0
442,107,419,2014-12-04 10:24:36.970,3,2
443,108,429,2014-12-04 11:07:56.560,18,6
445,327,429,2014-12-04 13:01:16.043,4,3
448,61,446,2014-12-04 15:32:25.833,5,2
450,84,444,2014-12-04 18:22:23.793,13,5
453,31,437,2014-12-04 19:11:46.773,5,3
456,31,454,2014-12-04 19:30:26.957,4,6
461,334,429,2014-12-04 21:11:11.103,-6,7
463,31,460,2014-12-04 21:23:44.703,7,0
464,61,460,2014-12-04 21:29:09.347,9,0
465,339,429,2014-12-04 22:21:15.457,-9,7
468,61,466,2014-12-04 23:15:50.670,3,1
469,61,467,2014-12-05 01:14:59.747,6,0
470,61,462,2014-12-05 01:23:42.133,1,0
473,31,457,2014-12-05 03:32:28.247,5,2
476,43,471,2014-12-05 12:52:50.020,4,0
477,250,467,2014-12-05 13:42:49.000,3,0
478,61,474,2014-12-05 14:22:28.503,4,0
479,31,436,2014-12-05 15:52:25.497,2,0
480,118,471,2014-12-05 16:20:26.617,3,3
483,250,481,2014-12-05 19:00:10.483,5,3
487,159,482,2014-12-05 20:13:04.653,5,0
488,38,486,2014-12-05 20:33:31.233,9,0
491,61,482,2014-12-05 21:02:53.950,4,0
492,43,481,2014-12-05 21:07:53.293,5,0
493,43,471,2014-12-05 21:10:48.327,3,0
494,159,471,2014-12-05 22:05:00.937,8,0
496,159,495,2014-12-05 22:43:48.837,8,3
497,61,495,2014-12-05 22:45:26.557,8,2
498,359,429,2014-12-05 22:48:52.260,-5,2
499,59,495,2014-12-05 23:06:45.107,2,0
500,351,449,2014-12-06 00:57:24.737,5,0
501,54,489,2014-12-06 01:37:06.470,1,0
503,61,502,2014-12-06 04:54:45.813,7,0
504,42,502,2014-12-06 06:55:58.230,26,1
506,54,290,2014-12-06 08:01:37.170,2,0
507,108,502,2014-12-06 09:00:06.157,16,0
509,123,505,2014-12-06 12:47:34.233,5,0
512,43,505,2014-12-06 16:03:29.003,8,1
513,59,511,2014-12-06 16:43:56.870,14,0
514,61,511,2014-12-06 16:58:14.157,9,10
515,362,429,2014-12-06 18:22:53.520,15,4
516,217,481,2014-12-06 19:23:14.700,3,1
518,43,517,2014-12-06 23:27:06.520,1,0
519,27,511,2014-12-07 00:15:19.530,3,2
520,362,505,2014-12-07 03:34:21.893,5,0
521,292,517,2014-12-07 11:24:42.223,0,1
522,240,517,2014-12-07 13:24:27.253,1,0
524,250,523,2014-12-07 14:27:49.690,2,2
525,250,460,2014-12-07 15:39:54.250,6,0
527,61,420,2014-12-07 17:42:04.023,3,4
530,84,416,2014-12-08 01:49:24.657,7,1
533,86,258,2014-12-08 14:17:30.367,5,1
534,385,258,2014-12-08 15:48:48.533,5,0
539,59,526,2014-12-08 20:06:57.610,0,3
540,150,526,2014-12-08 21:21:04.133,3,1
541,61,538,2014-12-08 22:24:33.910,6,12
542,47,535,2014-12-09 02:15:22.140,4,2
543,348,532,2014-12-09 13:21:32.107,4,0
546,334,538,2014-12-09 16:15:26.570,-1,7
547,238,545,2014-12-09 17:19:52.810,7,0
548,61,545,2014-12-09 18:32:44.913,5,0
549,54,545,2014-12-09 19:37:10.957,4,0
550,43,471,2014-12-09 20:57:24.847,1,0
552,54,294,2014-12-09 22:14:55.620,4,0
554,395,551,2014-12-09 22:59:28.703,7,0
556,396,555,2014-12-10 00:03:20.970,2,0
557,391,555,2014-12-10 00:32:04.727,8,1
558,54,485,2014-12-10 02:53:16.263,5,2
559,123,555,2014-12-10 02:58:21.827,2,1
561,366,560,2014-12-10 04:43:07.133,3,0
562,93,485,2014-12-10 04:54:42.813,1,3
563,348,536,2014-12-10 08:33:28.797,1,1
564,43,560,2014-12-10 12:07:59.827,2,0
565,400,428,2014-12-10 13:09:00.107,-2,1
568,31,567,2014-12-10 16:29:10.163,4,0
571,14,569,2014-12-10 18:42:59.757,4,2
573,61,570,2014-12-11 02:12:31.363,3,11
574,250,569,2014-12-11 02:28:41.483,3,6
575,250,569,2014-12-11 04:10:53.173,5,0
576,405,207,2014-12-11 04:35:36.540,6,0
577,405,490,2014-12-11 05:37:10.593,5,1
1575,405,89,2014-12-11 06:17:17.553,5,0
1576,405,416,2014-12-11 06:53:45.893,17,0
1577,405,209,2014-12-11 07:24:09.590,4,0
1579,61,209,2014-12-11 12:54:36.637,0,0
1581,69,428,2014-12-11 18:48:37.003,2,0
1584,61,1583,2014-12-12 04:05:54.630,5,2
1588,59,1583,2014-12-12 11:05:54.883,3,2
1589,119,1587,2014-12-12 14:30:16.753,3,0
1590,1415,1580,2014-12-12 15:04:54.970,8,0
1594,1407,1580,2014-12-13 11:14:40.917,2,2
1596,61,1593,2014-12-13 15:10:25.253,12,0
1600,61,1599,2014-12-14 00:47:44.077,2,5
1602,61,1601,2014-12-14 11:42:01.677,3,1
1604,1432,1583,2014-12-14 14:22:42.643,3,1
1605,1432,1601,2014-12-14 14:33:20.027,6,1
1606,1435,511,2014-12-14 15:35:59.163,3,4
1608,38,1607,2014-12-14 17:25:44.687,5,1
1609,61,1595,2014-12-14 18:12:09.103,1,1
1610,405,1607,2014-12-14 19:33:15.573,6,0
1611,405,132,2014-12-14 19:49:16.203,4,1
1612,405,97,2014-12-14 20:09:57.893,4,0
1613,405,194,2014-12-14 20:47:38.493,13,0
1617,1441,294,2014-12-15 00:50:22.413,4,0
1622,59,1621,2014-12-15 03:22:11.900,11,1
1624,108,1621,2014-12-15 11:24:35.563,16,2
1626,43,1625,2014-12-15 15:12:17.000,5,3
1633,61,1630,2014-12-15 21:03:43.913,3,0
1634,44,65,2014-12-16 01:31:42.397,7,0
1637,44,1632,2014-12-16 07:52:44.383,8,0
1640,61,65,2014-12-16 18:34:33.193,3,0
1641,108,1639,2014-12-16 18:56:17.907,5,0
1643,108,1642,2014-12-16 19:28:05.360,1,4
1645,61,1620,2014-12-17 00:48:06.433,3,0
1646,47,1644,2014-12-17 01:20:28.983,3,8
1647,405,1644,2014-12-17 01:26:05.103,7,2
1649,405,1614,2014-12-17 02:32:46.293,6,0
1651,405,1616,2014-12-17 08:24:03.293,9,2
1653,69,1650,2014-12-17 13:15:40.687,5,0
1654,69,307,2014-12-17 14:00:25.657,5,0
1656,43,1655,2014-12-17 15:47:23.587,2,3
1660,17,1659,2014-12-17 22:26:03.117,6,1
1666,43,1665,2014-12-18 00:31:17.933,1,3
1667,1466,1593,2014-12-18 00:36:03.120,3,0
1668,84,1593,2014-12-18 00:48:38.323,6,1
1669,405,1658,2014-12-18 01:34:07.663,13,4
1671,17,1638,2014-12-18 12:42:52.793,11,0
1674,61,1673,2014-12-18 15:28:20.010,2,0
1675,31,1631,2014-12-18 17:24:16.573,4,3
1677,405,1676,2014-12-18 19:55:28.390,11,0
1678,1432,188,2014-12-18 23:46:54.307,9,3
1679,1432,1672,2014-12-19 00:24:18.667,2,0
1680,61,188,2014-12-19 02:10:03.503,6,0
1683,61,1682,2014-12-19 12:46:43.017,3,4
1685,43,1684,2014-12-19 15:30:29.647,6,2
1687,17,1684,2014-12-19 16:20:05.323,6,0
1689,69,1688,2014-12-19 18:43:42.877,2,0
1691,61,1690,2014-12-19 21:05:39.197,8,2
1692,61,1686,2014-12-19 21:38:06.473,1,0
1694,240,416,2014-12-19 22:09:12.110,9,3
1700,61,1696,2014-12-20 00:56:56.843,1,0
1705,44,1704,2014-12-20 08:06:40.177,1,1
1706,43,1703,2014-12-20 09:37:40.803,0,0
1708,1435,1703,2014-12-20 12:53:19.160,0,1
1711,61,1703,2014-12-20 22:51:39.443,1,0
1712,61,1693,2014-12-20 23:17:15.167,3,4
1717,38,212,2014-12-21 02:51:09.837,2,0
1718,405,1716,2014-12-21 06:11:23.413,12,4
1719,405,212,2014-12-21 06:41:56.620,3,0
1720,1496,1710,2014-12-21 07:23:06.643,13,0
1721,405,1714,2014-12-21 07:35:39.060,17,0
1722,405,1710,2014-12-21 08:27:23.337,14,0
1724,1499,1702,2014-12-21 15:55:42.647,2,0
1725,61,1723,2014-12-21 16:31:20.773,4,0
1727,405,1673,2014-12-21 19:48:46.687,4,0
1728,61,1726,2014-12-21 21:21:12.427,3,0
1730,84,1729,2014-12-22 01:35:06.507,6,2
1733,44,1732,2014-12-22 12:57:50.747,3,2
1734,61,1732,2014-12-22 16:20:54.927,2,0
1745,38,458,2014-12-23 08:38:15.423,5,0
1746,43,1735,2014-12-23 10:02:00.620,1,1
1747,1523,1744,2014-12-24 04:24:44.220,2,0
1749,43,1736,2014-12-24 08:33:49.240,2,0
1751,12612,1750,2014-12-24 12:16:16.913,4,2
1755,159,1753,2014-12-24 21:32:08.727,12,2
1757,61,1748,2014-12-25 00:03:15.443,3,0
1762,43,1758,2014-12-25 11:16:52.817,1,0
1764,38,424,2014-12-25 13:05:13.407,2,0
1766,159,1754,2014-12-25 22:26:37.450,2,3
1770,61,1769,2014-12-26 13:50:22.233,1,0
1771,54,1767,2014-12-26 16:38:39.437,5,6
1772,240,1753,2014-12-26 17:14:26.427,8,0
1773,61,1758,2014-12-26 17:24:46.263,1,0
1774,240,1753,2014-12-26 17:25:12.897,6,0
1775,1496,1753,2014-12-26 17:59:33.833,5,0
1776,240,1758,2014-12-26 18:06:33.647,2,0
1777,1540,1752,2014-12-26 22:10:03.367,2,1
1778,14,1768,2014-12-26 22:20:16.950,2,0
1779,405,1768,2014-12-27 06:16:45.477,2,0
1780,405,1750,2014-12-27 07:05:40.493,5,4
1781,405,1735,2014-12-27 07:42:37.250,3,0
1782,405,1752,2014-12-27 08:47:32.480,2,0
1784,1547,1758,2014-12-27 19:33:31.900,5,0
1786,43,1785,2014-12-27 21:06:05.343,2,0
1788,240,1787,2014-12-27 22:31:27.913,7,9
1789,108,1759,2014-12-27 23:37:43.773,3,0
1790,1511,458,2014-12-28 01:19:06.480,2,0
1793,43,1792,2014-12-28 14:05:26.807,4,8
1794,250,1792,2014-12-28 14:24:42.887,3,2
1796,1554,1726,2014-12-28 16:55:08.637,1,0
1797,405,1795,2014-12-28 19:25:43.607,7,0
1799,405,1798,2014-12-29 01:12:36.557,5,0
1800,405,1792,2014-12-29 01:44:54.663,2,0
1801,27,1715,2014-12-29 02:43:32.410,3,0
1803,167,1765,2014-12-29 06:46:23.100,3,0
1806,61,1802,2014-12-29 14:23:31.350,3,0
1807,61,1765,2014-12-29 15:52:14.370,0,0
1809,108,1808,2014-12-29 20:51:01.180,38,3
1811,1567,1808,2014-12-29 23:50:57.697,14,2
1814,61,1813,2014-12-30 03:52:24.583,7,0
1820,1579,1819,2014-12-30 11:39:30.380,5,2
1821,1580,1817,2014-12-30 12:40:14.180,12,3
1822,61,1816,2014-12-30 13:03:49.227,3,0
1823,1584,1815,2014-12-30 13:23:12.643,2,0
1827,1435,1818,2014-12-30 14:59:08.133,4,0
1828,1585,1815,2014-12-30 15:31:41.217,9,3
1831,84,1817,2014-12-30 18:01:09.443,1,2
1832,1511,1830,2014-12-30 19:49:19.850,5,0
1833,1590,1817,2014-12-30 20:16:18.490,3,4
1835,59,1816,2014-12-30 23:46:46.207,3,5
1839,59,1818,2014-12-31 07:36:58.030,1,0
1840,1584,551,2014-12-31 10:03:43.570,3,0
1843,348,1838,2014-12-31 14:03:59.583,1,1
1844,1601,1834,2014-12-31 14:08:31.973,2,1
1847,159,1791,2014-12-31 20:29:32.950,2,0
1849,27,1702,2014-12-31 22:03:15.827,2,9
1851,1435,1848,2015-01-01 00:18:32.650,2,1
1852,405,1845,2015-01-01 00:48:12.667,5,0
1853,405,1850,2015-01-01 02:08:54.917,9,1
1854,1609,1628,2015-01-01 17:33:03.393,2,0
1856,159,1855,2015-01-01 21:54:31.660,2,0
1860,44,1859,2015-01-02 07:06:52.827,3,2
1863,119,1861,2015-01-02 12:08:51.030,10,0
1865,1609,1862,2015-01-02 16:19:12.860,2,0
1866,1609,1858,2015-01-02 16:49:27.983,4,0
1867,108,1846,2015-01-02 17:02:01.270,5,0
1869,1621,1841,2015-01-02 18:32:05.260,-1,2
1870,1621,1838,2015-01-02 18:40:47.577,0,1
1874,1609,1872,2015-01-03 00:30:29.610,6,2
1875,31,1871,2015-01-03 01:09:23.077,10,3
1878,405,1868,2015-01-03 16:57:11.057,7,0
1879,1609,1767,2015-01-03 17:03:54.073,5,1
1881,61,1877,2015-01-03 21:37:17.663,3,4
1882,61,1876,2015-01-03 22:04:40.307,7,0
1885,1609,1884,2015-01-04 17:37:16.167,2,0
1886,61,1873,2015-01-04 20:03:55.970,2,2
1887,61,1872,2015-01-04 20:30:18.737,2,5
1888,84,1884,2015-01-04 21:28:12.843,4,0
1889,118,1767,2015-01-04 22:35:45.287,3,2
1892,61,1891,2015-01-05 00:03:59.460,2,0
1894,150,1767,2015-01-05 01:20:47.417,3,0
1896,40,1895,2015-01-05 03:37:37.270,4,0
1897,405,1895,2015-01-05 05:03:12.507,4,0
1898,405,1893,2015-01-05 06:23:38.610,39,2
1904,59,1901,2015-01-05 14:36:39.257,3,0
1906,44,1890,2015-01-05 15:47:07.153,3,0
1908,59,1907,2015-01-05 18:37:51.833,6,4
1909,59,1837,2015-01-05 19:29:52.803,3,0
1910,405,1905,2015-01-05 20:18:06.873,3,0
1912,1622,1902,2015-01-05 21:49:18.540,2,2
1913,1432,1899,2015-01-05 22:25:21.247,1,0
1918,1609,1916,2015-01-06 00:22:41.073,5,0
1919,405,1916,2015-01-06 00:57:42.390,8,1
1921,59,1916,2015-01-06 01:37:33.610,4,1
1922,1432,1914,2015-01-06 01:51:53.483,4,0
1923,38,1812,2015-01-06 02:57:16.557,8,1
1926,1492,1920,2015-01-06 04:45:15.230,-5,2
1928,324,1920,2015-01-06 12:50:13.853,-4,7
1929,1417,1903,2015-01-06 15:40:37.750,4,7
1930,1609,1925,2015-01-06 16:19:13.347,4,3
1931,250,1920,2015-01-06 17:21:50.980,7,0
1934,1655,1927,2015-01-06 20:10:38.740,1,2
1936,,1935,2015-01-06 20:06:37.043,1,2
2931,250,1903,2015-01-07 04:50:54.630,3,11
2933,1655,2932,2015-01-07 06:01:27.503,4,0
2934,61,2932,2015-01-07 15:28:34.850,2,7
2935,2659,1883,2015-01-07 17:15:25.167,5,0
2936,31,2932,2015-01-07 18:49:02.403,2,0
2939,2659,1880,2015-01-07 22:19:20.730,1,0
2940,1609,2938,2015-01-08 02:38:44.477,5,0
2943,69,2942,2015-01-08 13:16:42.727,6,2
2944,69,2937,2015-01-08 14:32:09.063,4,0
2945,61,2942,2015-01-08 14:49:46.877,12,2
2946,1609,2941,2015-01-08 16:09:03.767,3,1
2947,61,2941,2015-01-08 16:14:55.243,9,0
2948,2667,1917,2015-01-09 07:32:48.743,4,3
2951,2659,2949,2015-01-09 14:43:16.907,3,0
2955,108,1891,2015-01-09 21:31:39.950,6,0
2956,61,2954,2015-01-10 00:59:09.063,2,2
2957,2659,2953,2015-01-10 10:33:04.943,4,3
2958,2659,2954,2015-01-10 10:57:35.600,4,0
2959,84,1625,2015-01-10 17:24:44.183,2,0
2961,69,2960,2015-01-10 19:19:44.630,8,4
2962,2659,2960,2015-01-10 19:38:18.440,2,0
2963,61,2960,2015-01-10 19:51:44.370,5,3
2965,2681,2964,2015-01-10 21:10:18.850,2,1
2966,72,2960,2015-01-10 22:09:33.330,2,0
2970,2683,2960,2015-01-11 09:56:07.710,5,0
2971,1442,1925,2015-01-11 10:32:25.757,4,0
2972,1442,2969,2015-01-11 10:45:33.347,9,0
2974,1496,2973,2015-01-11 18:11:12.747,4,6
2975,61,2968,2015-01-12 01:00:13.077,2,4
2981,59,2968,2015-01-12 19:51:58.557,2,1
2984,40,2982,2015-01-12 22:26:10.903,12,6
2985,2689,2982,2015-01-13 00:06:45.273,3,1
2987,2698,2982,2015-01-13 04:54:42.270,3,0
2988,1609,2967,2015-01-13 17:43:38.583,5,0
2989,1609,2979,2015-01-13 18:08:18.447,3,1
2990,42,2980,2015-01-13 20:59:15.673,5,0
2991,1432,2979,2015-01-13 22:53:29.757,4,7
2993,42,2992,2015-01-14 00:28:24.457,9,6
2994,69,1911,2015-01-14 01:21:31.217,2,3
2995,127,2992,2015-01-14 02:44:18.617,1,0
2996,2701,2986,2015-01-14 10:57:16.857,2,2
2997,2701,402,2015-01-14 11:26:58.800,5,1
2998,61,2977,2015-01-14 13:36:17.510,4,2
3002,2702,2982,2015-01-14 18:19:05.990,3,1
3003,2701,281,2015-01-14 19:36:31.753,0,0
3004,2701,201,2015-01-14 19:58:59.543,2,0
3005,69,2999,2015-01-14 21:30:48.210,1,0
3006,59,3000,2015-01-14 23:44:44.740,1,0
3008,1609,3007,2015-01-15 01:06:40.543,3,0
3012,2709,2941,2015-01-15 12:39:44.330,1,0
3013,2709,1917,2015-01-15 12:48:23.773,0,0
3014,2709,3011,2015-01-15 14:02:14.203,1,0
3016,69,3015,2015-01-15 16:57:17.540,3,0
3021,2717,3015,2015-01-16 00:33:33.430,0,0
3023,2659,3020,2015-01-16 04:50:01.183,2,7
3024,2659,3018,2015-01-16 06:01:13.343,6,1
3026,2659,3025,2015-01-16 09:43:53.063,2,2
3028,1652,3025,2015-01-16 10:20:44.627,1,0
3029,108,3025,2015-01-16 10:26:12.927,2,2
3031,2709,3030,2015-01-16 11:38:02.440,3,2
3034,1601,1864,2015-01-16 14:24:00.380,3,0
3036,1655,3035,2015-01-16 15:51:47.877,3,8
3037,69,3027,2015-01-16 15:52:27.130,2,0
3038,1609,3032,2015-01-16 18:20:28.720,5,0
3039,2659,3035,2015-01-16 18:46:53.000,2,0
3041,2659,3040,2015-01-16 19:48:23.633,2,0
3042,2723,2982,2015-01-16 21:20:00.773,1,0
3043,2723,3035,2015-01-16 21:29:04.323,3,0
3044,1432,3033,2015-01-16 21:43:30.420,2,3
3046,61,3035,2015-01-17 02:08:15.603,4,0
3052,2659,3051,2015-01-17 22:01:08.963,7,0
3053,47,3051,2015-01-17 22:03:24.410,8,2
3055,2731,3048,2015-01-18 04:35:02.743,2,0
3056,61,3032,2015-01-18 04:36:20.910,3,0
3057,61,3033,2015-01-18 05:23:39.697,1,2
3058,2659,3054,2015-01-18 06:23:19.753,1,0
3062,2701,3061,2015-01-18 20:20:08.040,3,1
3063,1642,3059,2015-01-18 20:45:05.110,2,3
3064,200,3059,2015-01-18 21:34:48.983,-2,6
3066,59,1911,2015-01-19 06:07:47.037,1,0
3068,119,3059,2015-01-19 08:45:01.233,4,10
3071,119,3065,2015-01-19 14:37:57.747,4,0
3074,2732,3073,2015-01-19 15:22:13.777,4,0
3076,59,3017,2015-01-19 16:56:17.247,2,0
3078,2659,3075,2015-01-19 17:39:54.890,0,2
3080,59,3077,2015-01-19 19:24:49.613,2,0
3082,2732,3065,2015-01-19 19:52:24.707,2,2
3084,59,124,2015-01-19 22:50:26.040,6,0
3085,59,3083,2015-01-19 23:04:59.063,2,2
3088,2751,3075,2015-01-20 00:59:01.720,1,1
3089,40,3049,2015-01-20 05:56:16.260,6,0
3092,2709,3091,2015-01-20 09:59:19.483,1,4
3095,69,3094,2015-01-20 14:08:40.783,7,4
3096,69,3091,2015-01-20 16:11:50.450,2,1
3098,69,3090,2015-01-20 16:44:03.907,4,1
3102,59,3101,2015-01-20 21:43:24.250,2,1
3104,1655,3093,2015-01-21 04:59:08.803,0,0
3105,108,3103,2015-01-21 08:18:39.777,7,1
3106,283,3100,2015-01-21 09:00:14.897,2,0
3107,2765,3103,2015-01-21 11:16:54.780,4,0
3109,69,3108,2015-01-21 13:56:09.747,5,3
3110,2701,3103,2015-01-21 13:56:49.443,2,0
3114,69,3099,2015-01-21 21:13:46.087,1,2
3117,47,3116,2015-01-21 22:16:29.150,4,1
3119,1642,3115,2015-01-21 22:50:30.563,4,0
3120,42,3115,2015-01-21 23:47:00.703,21,1
3121,42,3112,2015-01-22 00:11:08.303,9,2
3126,1432,3125,2015-01-22 16:03:40.973,0,0
3127,17,1729,2015-01-22 16:04:25.267,-1,7
3131,69,3123,2015-01-22 21:32:55.383,1,2
3133,1496,3125,2015-01-23 02:39:20.103,1,0
3134,1655,3132,2015-01-23 04:44:49.210,2,0
3136,2765,3103,2015-01-23 09:47:32.220,2,0
3138,69,3135,2015-01-23 14:21:19.967,3,3
3139,69,3132,2015-01-23 14:26:51.040,2,0
3144,69,3141,2015-01-23 15:38:08.010,8,1
3146,250,3141,2015-01-23 17:47:25.243,2,1
3149,69,3148,2015-01-24 00:48:13.363,4,3
3150,2787,1618,2015-01-24 02:02:09.790,4,0
3151,59,3148,2015-01-24 05:28:47.907,2,3
3154,69,3152,2015-01-24 14:29:19.447,2,1
3158,59,3157,2015-01-24 18:45:28.533,2,3
3160,61,3155,2015-01-24 20:47:52.093,4,0
3161,69,3086,2015-01-25 01:10:10.500,4,2
3162,61,3086,2015-01-25 02:02:50.230,0,3
3166,2797,3165,2015-01-25 11:21:26.173,-1,5
3168,2765,3155,2015-01-25 20:24:16.737,1,0
3171,321,3145,2015-01-26 01:28:11.453,4,0
3173,59,3172,2015-01-26 04:11:31.430,3,4
3179,1601,3178,2015-01-26 18:48:59.753,0,1
3180,43,3178,2015-01-26 19:00:16.013,2,0
3181,42,3176,2015-01-26 20:02:06.643,1,0
3182,69,3118,2015-01-26 21:58:22.383,2,0
3183,2809,3086,2015-01-27 00:39:52.797,0,1
3184,59,3087,2015-01-27 05:20:03.067,0,0
3186,61,3185,2015-01-27 11:02:59.253,3,0
3187,69,3142,2015-01-27 13:06:46.377,1,0
3188,43,1824,2015-01-27 16:20:18.263,6,5
3190,43,3189,2015-01-27 18:26:10.677,2,0
3198,38,459,2015-01-28 06:03:08.073,3,0
3199,59,3194,2015-01-28 07:26:38.027,10,6
3200,159,3194,2015-01-28 07:28:46.153,6,0
3202,108,3201,2015-01-28 18:42:07.257,1,2
3204,61,3194,2015-01-28 20:33:18.627,5,2
3205,69,1824,2015-01-28 20:53:40.720,4,0
3206,61,3203,2015-01-28 20:55:39.050,8,4
3208,43,3207,2015-01-29 14:17:04.803,9,3
3213,1432,3210,2015-01-30 03:28:04.593,3,0
3215,2844,3212,2015-01-30 16:25:05.377,5,1
3216,2843,3201,2015-01-30 16:36:52.530,1,1
3217,69,3194,2015-01-30 17:09:13.967,5,0
3221,108,3220,2015-01-31 16:35:35.610,1,0
3223,43,3222,2015-01-31 18:07:45.347,1,4
3225,61,3224,2015-01-31 21:49:10.607,2,0
3228,69,3227,2015-02-01 00:27:16.327,2,0
3230,61,3222,2015-02-01 01:17:03.553,9,11
3231,61,3227,2015-02-01 01:26:46.980,2,8
3235,69,3234,2015-02-01 17:50:04.987,2,1
3236,69,1791,2015-02-01 19:43:04.930,1,0
3238,69,3211,2015-02-02 02:10:18.473,2,0
3240,69,3195,2015-02-02 14:23:14.867,1,0
3245,108,3137,2015-02-02 20:29:00.510,2,0
3246,1655,3243,2015-02-02 20:44:08.890,3,1
3249,2846,3247,2015-02-02 21:13:20.833,4,1
3251,1417,3244,2015-02-02 23:23:26.727,4,0
3252,69,3250,2015-02-03 00:06:52.770,2,2
3254,69,3253,2015-02-03 01:45:36.643,2,2
3257,108,3247,2015-02-03 13:07:08.973,2,2
3258,69,3226,2015-02-03 14:13:58.363,2,1
3262,40,3261,2015-02-04 00:24:48.577,3,2
3263,40,3192,2015-02-04 01:47:40.360,1,1
3266,250,3255,2015-02-04 06:35:27.243,12,3
3267,69,3264,2015-02-04 14:39:48.217,2,0
3268,43,3264,2015-02-04 15:36:34.967,1,0
3269,43,3265,2015-02-04 16:49:03.390,1,1
3271,43,3270,2015-02-04 17:52:52.487,4,1
3272,69,3270,2015-02-04 19:17:05.260,5,2
3276,1432,3275,2015-02-05 04:05:43.527,1,0
3280,2877,1684,2015-02-05 17:01:50.640,-4,1
3284,1499,1932,2015-02-05 20:51:47.467,2,2
3286,61,3282,2015-02-06 05:18:22.313,4,11
3287,2884,3226,2015-02-06 08:18:06.900,1,0
3291,69,3282,2015-02-07 00:34:22.363,4,0
3293,69,3147,2015-02-07 13:30:40.243,1,0
3298,43,3296,2015-02-07 22:30:34.620,1,1
3309,108,3305,2015-02-09 12:30:06.303,4,12
3310,108,3304,2015-02-09 13:48:18.470,5,0
3311,69,3045,2015-02-09 13:53:53.460,2,0
3312,43,3304,2015-02-09 14:01:56.047,5,0
3316,43,3315,2015-02-09 21:40:51.390,2,0
3318,43,3317,2015-02-09 23:06:42.983,6,0
3319,69,3317,2015-02-10 00:23:12.357,4,1
3321,40,3320,2015-02-10 03:44:42.760,0,2
3322,47,3320,2015-02-10 04:57:01.047,2,4
3323,44,3320,2015-02-10 07:29:04.597,1,3
3325,1601,3299,2015-02-10 08:52:48.927,3,1
3326,2922,3320,2015-02-10 09:17:55.150,0,0
3327,108,3320,2015-02-10 12:04:04.550,6,2
3328,2924,2954,2015-02-10 13:18:31.807,3,1
3329,69,3315,2015-02-10 16:20:27.943,3,5
3330,2917,3320,2015-02-10 20:53:08.503,1,1
3331,2917,3288,2015-02-10 21:22:15.177,2,3
3333,2926,3308,2015-02-10 23:48:00.387,7,3
3335,2917,3332,2015-02-11 04:03:53.510,2,1
3337,43,3336,2015-02-11 11:42:33.167,5,2
3338,240,3324,2015-02-11 12:46:22.173,2,0
3339,69,3334,2015-02-11 13:34:46.743,1,0
3341,2924,3296,2015-02-11 15:05:17.733,0,0
3342,2924,3079,2015-02-11 15:12:27.900,-2,0
3347,2937,3224,2015-02-11 23:13:57.173,1,0
3348,2937,3130,2015-02-11 23:28:57.547,-2,0
3349,2937,3101,2015-02-11 23:31:31.610,-2,0
3350,2937,3067,2015-02-11 23:33:49.207,0,2
3351,2937,1920,2015-02-11 23:44:35.450,0,0
3355,69,3353,2015-02-12 11:57:20.047,3,0
3356,250,3354,2015-02-12 13:11:46.827,0,0
3360,69,3359,2015-02-12 16:54:52.113,2,0
3362,73,232,2015-02-12 18:45:07.243,2,0
3368,43,3367,2015-02-13 13:04:55.670,9,3
3369,43,3366,2015-02-13 16:17:10.967,2,0
3376,43,3375,2015-02-14 16:10:57.467,5,4
3377,2956,3373,2015-02-14 18:23:35.623,7,0
3380,43,3378,2015-02-14 20:14:15.417,3,0
3383,59,3382,2015-02-14 23:07:44.987,11,3
3384,69,3372,2015-02-14 23:59:25.477,1,0
3385,69,3381,2015-02-15 00:21:37.107,7,6
3388,1432,3370,2015-02-15 04:34:32.720,3,0
3389,2959,3387,2015-02-15 04:38:59.937,6,3
3395,2963,1644,2015-02-15 13:08:57.287,8,0
3397,69,3396,2015-02-15 13:52:20.013,3,1
3398,43,3396,2015-02-15 16:18:42.877,2,3
3399,43,3382,2015-02-15 18:13:17.230,1,6
3406,2971,3379,2015-02-16 09:47:52.997,3,3
3408,150,3407,2015-02-16 12:23:01.180,3,0
3410,69,3407,2015-02-16 13:27:20.563,6,0
3411,43,3079,2015-02-16 16:27:44.920,4,0
3413,18,3412,2015-02-16 20:27:50.557,0,0
3414,43,3412,2015-02-16 23:34:32.890,0,0
3417,69,3415,2015-02-17 13:26:47.480,2,0
4417,69,3416,2015-02-17 14:27:22.537,4,0
4418,2856,3416,2015-02-17 16:56:53.207,5,0
4421,3986,4419,2015-02-17 18:10:08.993,0,3
4422,43,4419,2015-02-17 18:10:18.907,0,1
4423,69,4420,2015-02-17 18:53:48.150,8,2
4425,54,3365,2015-02-17 19:27:57.323,2,0
4432,2959,4429,2015-02-18 02:21:40.657,5,0
4435,2959,4428,2015-02-18 05:37:03.280,6,0
4436,69,4428,2015-02-18 12:23:48.400,5,0
4441,3997,4431,2015-02-18 17:36:28.637,1,0
4442,42,4431,2015-02-18 18:51:09.327,5,0
4443,3998,4424,2015-02-18 20:01:18.320,17,15
4445,132,3375,2015-02-19 00:39:07.517,5,0
4446,61,3381,2015-02-19 12:03:00.000,3,6
4447,61,4434,2015-02-19 12:51:10.210,2,5
4448,61,4439,2015-02-19 13:36:34.990,5,0
4449,61,3391,2015-02-19 14:33:00.677,1,0
4450,2746,4424,2015-02-19 14:58:10.347,6,1
4455,1432,4451,2015-02-20 01:00:30.707,5,2
4456,59,3403,2015-02-20 12:07:04.130,6,0
4457,61,4453,2015-02-20 13:57:01.623,8,0
4458,61,3403,2015-02-20 15:14:50.617,4,0
4463,1611,4462,2015-02-20 23:32:18.597,2,1
4464,1611,1916,2015-02-21 00:30:10.067,3,0
4467,4014,3097,2015-02-21 06:07:59.867,3,0
4468,4015,4466,2015-02-21 11:33:58.947,2,0
4469,43,1916,2015-02-21 11:59:09.217,3,0
4475,2959,4466,2015-02-21 17:22:34.577,2,0
4477,2959,4472,2015-02-21 17:49:49.453,4,0
4478,72,4472,2015-02-21 18:11:21.380,18,0
4479,43,4470,2015-02-21 18:59:15.163,-1,0
4481,4014,3229,2015-02-21 23:31:20.270,2,0
4482,69,4438,2015-02-22 00:24:54.730,1,3
4484,4015,4471,2015-02-22 13:13:08.927,3,0
4488,2959,4480,2015-02-22 19:39:45.007,6,2
4492,2959,4427,2015-02-23 01:35:15.597,2,0
4494,2971,4493,2015-02-23 04:05:15.920,4,7
4496,4032,4493,2015-02-23 13:07:04.147,2,2
4497,37,4489,2015-02-23 13:16:59.787,2,0
4498,37,4470,2015-02-23 13:29:54.800,6,0
4500,4032,4495,2015-02-23 14:12:53.090,2,0
4502,38,4495,2015-02-23 14:57:11.153,9,2
4503,2787,4495,2015-02-23 16:26:56.353,3,2
4504,2746,4499,2015-02-23 16:55:51.713,3,0
4505,2746,4470,2015-02-23 20:12:30.300,3,0
4509,2971,4508,2015-02-24 00:32:48.280,4,0
4510,69,4508,2015-02-24 00:44:04.277,2,0
4511,69,4485,2015-02-24 00:53:04.307,2,2
4516,69,4507,2015-02-24 12:02:13.420,8,2
4520,4045,4513,2015-02-24 16:00:16.663,5,2
4521,108,4506,2015-02-24 16:51:00.407,6,2
4523,1417,4514,2015-02-24 22:17:57.040,2,0
4526,40,4525,2015-02-25 00:38:44.653,3,0
4527,2787,4524,2015-02-25 02:34:13.917,6,0
4528,2787,4519,2015-02-25 02:39:51.850,6,0
4530,40,4444,2015-02-25 05:26:03.267,1,0
4531,2856,4524,2015-02-25 05:30:03.100,0,2
4532,108,4524,2015-02-25 08:05:09.997,6,0
4535,159,4525,2015-02-25 18:52:17.897,10,1
4536,4035,4522,2015-02-25 19:22:16.670,1,1
4541,40,4539,2015-02-25 22:54:19.920,2,1
4542,43,4539,2015-02-26 01:16:38.323,1,0
4544,4035,4543,2015-02-26 04:26:55.557,5,0
4547,43,4546,2015-02-26 14:46:34.533,3,1
4551,31,4549,2015-02-26 18:42:26.983,3,0
4553,84,4549,2015-02-26 20:39:29.957,2,0
4554,1432,4540,2015-02-26 21:32:28.380,2,0
4555,1432,4529,2015-02-26 21:47:57.533,3,0
4557,43,4485,2015-02-26 22:49:40.523,0,0
4558,4035,3210,2015-02-26 23:35:29.643,3,0
4560,61,4525,2015-02-27 00:55:15.260,4,2
4561,61,4517,2015-02-27 01:50:06.690,3,0
4562,40,4559,2015-02-27 01:55:08.123,1,1
4563,61,4471,2015-02-27 02:26:15.633,3,2
4564,61,3344,2015-02-27 03:02:54.117,3,2
4565,59,4546,2015-02-27 11:25:37.107,1,0
4566,69,4559,2015-02-27 13:14:04.000,2,0
4567,69,4471,2015-02-27 13:28:49.223,21,2
4568,69,4501,2015-02-27 13:40:12.120,4,1
4569,31,4556,2015-02-27 15:44:23.967,2,1
4572,1417,4438,2015-02-27 20:16:29.210,5,2
4573,69,4570,2015-02-27 21:06:28.250,1,0
4576,2959,4575,2015-02-28 06:08:50.263,2,0
4577,59,1616,2015-02-28 15:17:21.630,5,3
4578,264,4574,2015-02-28 23:46:44.713,4,5
4580,108,4579,2015-03-01 09:50:29.603,13,0
4583,43,4582,2015-03-01 19:50:22.493,5,0
4587,12357,4584,2015-03-02 00:02:38.450,2,1
4590,246,4589,2015-03-02 15:29:29.710,0,0
4592,61,4589,2015-03-02 16:27:30.687,5,2
4595,69,4593,2015-03-02 22:31:47.180,9,2
4599,4088,4593,2015-03-03 04:27:51.693,10,0
4602,61,4594,2015-03-03 11:22:45.593,2,0
4604,72,4596,2015-03-03 15:09:29.950,5,0
4605,14,4596,2015-03-03 18:14:35.160,12,0
4611,3997,4598,2015-03-04 15:03:50.710,2,4
4615,43,4613,2015-03-04 21:09:48.250,3,0
4617,69,4616,2015-03-04 23:09:01.013,7,0
4620,4094,4610,2015-03-05 01:55:14.747,4,2
4624,3997,4618,2015-03-05 09:25:51.223,6,0
4626,31,4625,2015-03-05 18:00:19.463,2,1
4628,31,4614,2015-03-05 19:46:15.150,2,0
4632,108,4631,2015-03-06 09:48:10.163,2,0
4635,14,4634,2015-03-06 14:45:36.360,4,0
4638,108,4634,2015-03-06 21:18:36.723,9,0
4641,59,4636,2015-03-06 23:36:33.763,2,1
4643,43,4642,2015-03-07 02:12:21.240,2,0
4644,61,4640,2015-03-07 02:26:13.100,2,0
4645,61,4639,2015-03-07 02:38:14.583,2,0
4646,61,4598,2015-03-07 03:16:25.930,0,0
4647,1601,4633,2015-03-07 09:45:07.493,1,0
4648,59,4642,2015-03-07 16:35:53.500,2,0
4652,59,4651,2015-03-07 23:50:10.143,0,0
4653,59,4634,2015-03-08 00:07:14.920,3,0
4657,61,4634,2015-03-08 03:06:45.523,2,0
4659,4125,4658,2015-03-08 12:09:01.170,3,2
4660,61,4656,2015-03-08 20:23:13.860,3,0
4661,61,4650,2015-03-08 21:53:39.133,0,2
4664,69,4619,2015-03-08 23:57:57.707,3,0
4666,61,4627,2015-03-09 09:10:24.813,2,6
4668,4083,4667,2015-03-09 10:12:03.900,0,2
4669,61,2983,2015-03-09 12:37:18.370,3,3
4670,69,4649,2015-03-09 12:46:29.140,1,0
4671,69,4665,2015-03-09 13:04:33.253,3,1
4675,4138,4673,2015-03-09 20:20:25.663,2,0
4676,61,4672,2015-03-10 01:35:59.617,1,0
4678,40,4677,2015-03-10 04:11:15.407,3,0
4680,40,3405,2015-03-10 04:51:25.093,3,0
4683,4087,4679,2015-03-10 17:30:39.077,8,0
4684,2959,4677,2015-03-10 21:44:47.567,0,0
4687,59,4686,2015-03-10 22:26:42.733,9,3
4688,61,4682,2015-03-11 01:35:50.123,0,0
4690,44,4686,2015-03-11 06:53:49.210,15,8
4691,69,4689,2015-03-11 13:14:49.980,3,0
4692,61,4689,2015-03-11 14:00:16.957,3,0
4694,,4693,2015-03-10 20:57:55.213,4,0
4695,4153,4693,2015-03-10 21:03:00.613,4,3
4696,4149,4686,2015-03-11 15:50:55.793,0,14
4698,4149,4685,2015-03-11 17:15:29.650,13,0
4699,59,4685,2015-03-11 17:33:44.283,2,4
4701,4151,4674,2015-03-11 18:10:02.390,0,0
4704,61,4697,2015-03-11 20:30:08.590,1,0
4707,69,4706,2015-03-11 23:21:24.760,6,7
4708,4151,4702,2015-03-11 23:33:58.683,0,0
4709,43,4706,2015-03-11 23:52:15.923,1,1
4710,40,4706,2015-03-12 00:53:14.170,0,0
4711,4162,4702,2015-03-12 08:24:19.430,2,0
4712,108,4706,2015-03-12 10:58:26.920,1,0
4716,61,4674,2015-03-12 16:05:59.770,4,0
4719,2787,4703,2015-03-12 20:21:05.137,7,2
4721,69,4718,2015-03-13 12:13:05.147,4,0
4726,1432,4718,2015-03-13 15:49:47.933,2,0
4728,3997,4722,2015-03-13 16:31:19.207,2,1
4730,4177,4725,2015-03-13 17:06:09.020,7,3
4731,240,4722,2015-03-13 17:11:30.353,6,2
4733,59,4725,2015-03-13 21:44:36.460,7,1
4734,61,4718,2015-03-13 23:57:13.973,2,0
4735,4181,3130,2015-03-14 03:24:07.693,1,0
4737,69,4736,2015-03-15 00:06:30.220,2,0
4738,61,4736,2015-03-15 02:35:08.303,7,0
4745,4189,4744,2015-03-15 12:20:27.320,9,1
4746,4181,4743,2015-03-15 13:09:54.267,4,0
4747,4191,4741,2015-03-15 13:42:36.687,0,1
4748,61,4724,2015-03-15 15:13:49.763,1,0
4750,4193,4725,2015-03-15 18:31:15.257,4,0
4752,,4751,2015-03-15 05:31:42.990,3,1
4754,4177,3242,2015-03-15 21:43:11.797,2,4
4755,159,4729,2015-03-15 23:11:26.663,0,1
4756,159,4722,2015-03-15 23:16:38.793,1,0
4759,4201,4744,2015-03-16 21:58:00.370,14,0
4760,61,4744,2015-03-17 00:47:51.507,4,0
4761,4203,4758,2015-03-17 06:39:01.270,4,0
4762,4204,4751,2015-03-17 08:36:49.877,2,1
4764,61,4742,2015-03-17 19:00:03.677,2,0
4767,61,4766,2015-03-17 23:38:38.753,5,1
4769,4185,4723,2015-03-18 16:44:32.443,1,2
4772,31,4771,2015-03-18 17:43:11.577,3,1
4773,31,4768,2015-03-18 18:23:45.590,3,0
4775,61,4770,2015-03-18 19:40:56.490,5,11
4776,4216,4757,2015-03-19 06:37:58.513,3,0
4778,69,4757,2015-03-19 12:47:55.597,2,0
4779,69,4777,2015-03-19 13:19:48.743,23,2
4780,264,4723,2015-03-19 14:12:03.227,2,0
4781,43,4777,2015-03-19 14:20:34.590,0,2
4782,264,4749,2015-03-19 16:02:10.367,4,0
4785,31,4768,2015-03-19 18:40:05.873,2,0
4786,1432,4770,2015-03-20 01:37:15.737,6,1
4787,4185,45,2015-03-20 05:27:55.487,1,1
4788,4185,4741,2015-03-20 05:37:44.467,4,0
4790,43,4789,2015-03-20 12:49:16.930,1,0
4791,1417,4784,2015-03-20 13:46:27.953,4,0
4792,3997,3352,2015-03-20 14:03:05.787,3,0
4793,84,45,2015-03-20 15:36:37.213,3,0
4796,118,4795,2015-03-20 18:38:51.123,2,0
4797,14,4771,2015-03-21 02:48:39.770,3,0
4800,108,4771,2015-03-21 13:22:12.490,3,0
4802,240,4801,2015-03-21 23:34:07.280,2,0
4803,240,4801,2015-03-21 23:36:14.720,4,0
4806,43,4804,2015-03-22 15:06:05.837,1,0
4807,61,4794,2015-03-22 18:05:21.467,4,7
4811,69,4794,2015-03-22 22:04:04.787,1,0
4815,61,4812,2015-03-23 02:40:41.673,4,0
4816,40,4814,2015-03-23 03:39:42.330,4,0
4817,40,4810,2015-03-23 03:47:52.673,3,0
4818,4234,3343,2015-03-23 04:24:15.693,5,0
4819,40,4809,2015-03-23 05:27:48.040,0,0
4822,4229,4820,2015-03-23 11:07:41.507,2,0
4823,4229,4814,2015-03-23 11:21:43.570,4,0
4825,4234,3018,2015-03-23 12:35:21.630,3,0
4826,4229,4813,2015-03-23 17:16:30.170,1,0
4827,264,4809,2015-03-23 19:27:19.157,2,1
4828,264,3343,2015-03-23 19:43:23.930,2,0
4829,264,4810,2015-03-23 20:00:43.487,12,0
4832,107,4810,2015-03-24 12:27:11.703,2,0
4833,69,4810,2015-03-24 13:24:50.940,7,2
4836,4229,45,2015-03-24 17:43:33.060,2,0
4837,108,4810,2015-03-24 17:46:52.297,5,1
4838,84,4810,2015-03-24 18:12:20.513,4,0
4839,2917,4430,2015-03-24 18:50:33.520,6,0
4841,43,4840,2015-03-24 22:00:09.953,3,2
4842,4229,4593,2015-03-24 22:09:42.010,0,0
4843,4251,4834,2015-03-25 01:39:32.407,2,0
4844,4251,528,2015-03-25 02:54:38.807,1,0
4846,126,4662,2015-03-25 10:01:45.417,3,3
4847,126,1880,2015-03-25 10:36:40.510,5,2
4849,69,125,2015-03-25 12:44:20.253,2,3
4850,2746,3079,2015-03-25 12:48:51.990,1,0
4853,69,4851,2015-03-25 16:56:20.990,6,0
4857,61,4831,2015-03-26 03:27:13.447,1,0
4860,126,553,2015-03-26 06:56:38.040,3,0
4861,61,4835,2015-03-26 13:26:46.137,3,0
4865,120,200,2015-03-27 08:47:16.567,7,0
4869,120,4866,2015-03-27 14:09:30.477,13,5
4870,108,4868,2015-03-27 14:20:42.047,6,10
4871,108,4866,2015-03-27 14:44:27.520,22,6
4872,61,4866,2015-03-27 16:35:07.807,3,2
4876,108,4875,2015-03-27 21:55:25.793,8,4
4877,69,4873,2015-03-27 22:19:09.433,6,0
4879,4184,4875,2015-03-28 08:53:35.460,10,0
4880,126,4875,2015-03-28 09:27:26.537,4,3
4885,73,4875,2015-03-28 22:51:49.623,6,0
4888,108,4884,2015-03-29 15:20:58.653,5,0
4890,69,4889,2015-03-29 23:02:16.993,3,0
4892,44,4891,2015-03-30 01:56:47.520,5,6
4895,4300,4862,2015-03-30 13:51:13.507,4,0
4896,2917,4893,2015-03-30 15:03:29.100,2,1
4898,4151,4886,2015-03-30 15:18:44.967,3,1
4901,61,4899,2015-03-30 19:03:22.367,5,4
4902,4305,4897,2015-03-30 20:22:27.543,1,0
4906,61,4897,2015-03-31 04:32:18.220,7,0
4909,4177,4907,2015-03-31 13:57:09.073,2,1
4912,84,4868,2015-04-01 02:55:06.327,1,7
4916,61,4914,2015-04-01 11:16:19.523,5,4
4917,4087,4915,2015-04-01 12:36:47.687,1,4
4918,4087,4913,2015-04-01 12:42:52.240,2,0
4919,69,4904,2015-04-01 14:52:32.513,1,0
4921,69,4920,2015-04-01 21:22:06.380,2,2
4925,61,4924,2015-04-02 04:16:06.080,1,2
4928,69,1659,2015-04-02 11:11:22.290,0,0
4932,69,4931,2015-04-02 20:27:09.147,11,1
4937,120,4936,2015-04-03 10:53:18.110,1,0
4940,4336,3392,2015-04-03 19:58:49.290,3,2
4943,4229,4915,2015-04-03 23:31:59.490,-1,0
4954,120,4952,2015-04-05 08:21:34.320,6,6
4955,43,4951,2015-04-05 16:38:51.483,13,2
4961,4363,4945,2015-04-06 11:02:49.370,2,6
4965,2763,4963,2015-04-06 15:11:45.917,1,0
4966,43,4960,2015-04-06 15:30:25.590,3,0
4967,2787,4957,2015-04-06 17:05:58.387,1,2
4968,2787,4946,2015-04-06 17:09:55.957,5,2
4970,61,4960,2015-04-06 17:24:29.930,4,0
4971,69,4960,2015-04-06 17:33:48.367,4,0
4975,43,4974,2015-04-06 21:07:00.630,1,1
4977,4185,4913,2015-04-06 21:22:29.687,7,0
4979,4185,455,2015-04-06 21:50:52.667,4,7
4980,61,4972,2015-04-07 03:56:48.913,2,10
4982,43,4981,2015-04-07 11:21:39.923,1,3
4984,61,4983,2015-03-24 21:26:16.853,3,0
4988,43,4987,2015-04-07 19:30:35.363,7,1
4994,264,4947,2015-04-07 23:29:41.043,3,0
5000,40,4995,2015-04-08 02:08:17.233,2,0
5001,40,4995,2015-04-08 02:27:58.450,0,0
5003,40,4998,2015-04-08 03:09:47.970,10,1
5005,61,5004,2015-04-08 04:41:46.610,3,1
5008,120,5006,2015-04-08 09:42:55.877,6,0
5009,4345,4990,2015-04-08 09:57:10.773,1,0
5012,120,4998,2015-04-08 12:12:43.963,7,2
5013,43,5011,2015-04-08 12:19:59.297,1,0
5014,108,5007,2015-04-08 14:34:49.777,2,0
5015,264,4935,2015-04-08 14:35:41.663,3,0
5016,61,5007,2015-04-08 14:38:44.967,1,2
5019,69,4997,2015-04-08 15:44:52.250,12,4
5023,175,5022,2015-04-08 17:10:25.587,2,0
5024,2787,4998,2015-04-08 17:41:32.090,4,0
5026,61,5004,2015-04-08 19:42:57.230,4,0
5027,264,5025,2015-04-08 19:48:50.520,3,0
5029,40,5021,2015-04-09 01:45:29.973,1,0
5030,40,4997,2015-04-09 01:47:43.623,5,0
5032,107,5028,2015-04-09 07:47:46.573,2,0
5033,108,5028,2015-04-09 10:08:51.043,5,0
5035,61,5031,2015-04-09 13:19:58.693,1,1
5036,43,5034,2015-04-09 13:37:27.653,1,2
5037,61,5018,2015-04-09 13:44:37.810,1,0
5039,43,5038,2015-04-09 14:57:12.117,1,2
5042,43,5041,2015-04-09 19:22:37.117,6,0
5048,4185,5041,2015-04-10 02:16:57.817,4,0
5050,108,5040,2015-04-10 08:15:41.813,3,2
5051,120,5049,2015-04-10 08:23:58.997,2,1
5052,4407,1877,2015-04-10 09:34:11.757,0,3
5053,43,5047,2015-04-10 12:22:50.503,1,3
5055,108,5054,2015-04-10 13:43:29.800,8,6
5058,264,5057,2015-04-10 16:36:50.343,3,0
5061,4374,4991,2015-04-10 17:57:01.803,0,6
5062,18,5044,2015-04-10 20:41:09.177,5,0
5064,43,5060,2015-04-10 22:27:41.363,1,0
5065,4415,5044,2015-04-10 23:39:18.667,3,0
5066,4415,5060,2015-04-10 23:43:39.100,2,0
5068,4415,5056,2015-04-11 00:07:55.680,1,0
5069,4415,4999,2015-04-11 00:21:18.263,1,1
5070,4415,4991,2015-04-11 08:29:53.857,1,0
5071,4409,4929,2015-04-11 09:50:14.067,4,2
5074,43,5073,2015-04-11 16:36:46.680,5,0
5078,73,5075,2015-04-11 17:51:31.490,2,2
5079,108,5077,2015-04-11 18:15:13.203,3,0
5080,108,5073,2015-04-11 18:16:49.013,5,0
5082,4421,5063,2015-04-11 20:46:43.730,1,1
5083,4415,5081,2015-04-11 21:38:15.393,3,2
5085,59,5081,2015-04-11 23:47:27.057,2,4
5092,264,5090,2015-04-12 19:49:24.890,1,0
5094,2,5093,2015-04-12 22:48:44.987,2,0
5096,4420,5093,2015-04-13 01:46:07.627,0,0
5100,4415,5097,2015-04-13 08:12:43.700,4,0
5102,2938,5098,2015-04-13 10:04:44.167,4,0
5105,43,5101,2015-04-13 11:56:16.280,2,0
5106,264,5095,2015-04-13 12:42:27.743,5,3
5108,264,5101,2015-04-13 14:57:12.393,2,0
5109,264,5101,2015-04-13 14:59:10.130,2,0
5110,4415,5107,2015-04-13 15:38:30.147,1,2
5115,40,1603,2015-04-13 23:12:05.943,2,0
5116,392,5046,2015-04-14 06:21:44.323,4,0
5117,392,5072,2015-04-14 06:25:26.050,2,4
5118,108,5112,2015-04-14 07:56:40.100,1,0
5119,1601,5114,2015-04-14 09:39:09.817,5,0
5121,43,5120,2015-04-14 11:14:17.937,2,4
5122,4434,5099,2015-04-14 12:28:17.063,3,3
5124,69,5103,2015-04-14 13:06:21.463,1,0
5125,61,5103,2015-04-14 14:16:27.357,1,0
5130,61,5127,2015-04-14 19:56:51.010,1,0
5131,59,124,2015-04-14 22:11:48.440,4,0
5135,264,5134,2015-04-15 04:00:30.760,1,0
5136,4445,3404,2015-04-15 04:29:26.267,2,1
5137,4445,3219,2015-04-15 04:33:35.687,1,0
5138,4445,1713,2015-04-15 04:47:14.750,3,2
5139,4445,4856,2015-04-15 04:53:51.287,2,3
5140,4445,4910,2015-04-15 05:01:09.117,1,0
5141,4445,4753,2015-04-15 05:10:40.957,3,2
5144,4445,5142,2015-04-15 06:07:13.193,5,10
5145,4445,95,2015-04-15 06:09:50.327,2,2
5149,264,5132,2015-04-15 20:56:02.073,3,0
5151,40,1836,2015-04-16 06:42:56.040,2,0
5152,43,5150,2015-04-16 11:31:48.563,1,0
5153,61,5148,2015-04-16 14:12:48.163,2,0
5154,2787,5148,2015-04-16 14:19:08.793,0,0
5156,264,5155,2015-04-16 14:34:02.333,3,1
5157,120,5155,2015-04-16 14:47:27.547,9,4
5160,61,5159,2015-04-16 18:07:53.377,1,0
5161,61,5143,2015-04-16 18:29:55.290,1,0
5162,61,5142,2015-04-16 19:05:13.763,3,19
5163,4129,5146,2015-04-16 23:40:49.253,1,0
5164,4447,5142,2015-04-17 04:24:14.867,6,2
5167,43,5166,2015-04-17 13:39:35.183,1,3
5168,43,5165,2015-04-17 13:43:57.300,0,0
5169,43,5076,2015-04-17 14:21:57.713,1,0
5170,120,5165,2015-04-17 14:27:47.493,1,2
5172,61,5171,2015-04-17 15:30:06.213,1,2
5174,4193,131,2015-04-17 18:45:59.533,1,0
5175,4462,5166,2015-04-17 18:57:22.370,1,0
5177,4463,5176,2015-04-18 00:26:05.990,6,0
5178,4445,5158,2015-04-18 05:28:46.373,4,2
5179,1601,5097,2015-04-18 08:16:50.470,2,0
5182,61,5181,2015-04-18 14:59:06.143,2,2
5186,4445,5185,2015-04-19 05:56:10.817,2,4
5187,4445,5183,2015-04-19 06:02:04.940,1,0
5189,1601,5183,2015-04-19 10:08:20.373,2,0
5191,1601,5188,2015-04-19 12:48:08.083,2,3
5192,120,5190,2015-04-19 13:40:47.293,1,0
5194,61,5193,2015-04-19 14:41:15.527,1,1
5196,4474,5195,2015-04-19 15:59:17.193,3,0
5205,4445,5204,2015-04-20 03:47:53.347,2,2
5207,59,5181,2015-04-20 07:00:13.200,1,3
5209,4434,5208,2015-04-20 12:22:25.573,1,0
5210,69,5208,2015-04-20 12:51:52.637,4,0
5212,43,5211,2015-04-20 13:45:47.553,10,1
5213,43,5204,2015-04-20 13:55:00.257,3,7
5216,43,5214,2015-04-20 15:11:22.330,3,0
5219,1601,5217,2015-04-20 17:00:48.537,2,2
5221,264,5220,2015-04-20 18:21:00.620,5,0
5223,61,5208,2015-04-20 19:56:47.870,1,0
5224,43,5222,2015-04-20 20:08:57.097,3,2
5225,4193,5220,2015-04-20 21:13:39.497,1,0
5227,1601,5226,2015-04-20 22:41:22.410,0,1
5228,61,5226,2015-04-20 23:48:17.327,7,8
5231,4494,5214,2015-04-21 02:33:05.517,1,0
5232,2971,5229,2015-04-21 05:02:03.570,4,8
5236,4445,5206,2015-04-21 08:55:54.997,3,0
5238,1601,5237,2015-04-21 11:16:17.840,1,1
5239,43,5237,2015-04-21 12:00:42.907,2,0
5240,69,5235,2015-04-21 12:35:46.680,1,0
5241,264,5235,2015-04-21 13:42:33.453,3,0
5242,61,5233,2015-04-21 14:44:52.987,3,0
5243,61,5188,2015-04-21 15:38:53.163,1,3
5246,43,5245,2015-04-21 16:40:50.260,3,0
5247,2746,5229,2015-04-21 21:02:08.407,2,3
5248,126,5088,2015-04-21 21:03:27.863,3,0
5250,4201,5249,2015-04-21 22:23:51.553,3,0
5251,42,5244,2015-04-21 22:26:13.427,4,4
5252,59,5206,2015-04-21 23:13:02.700,8,2
5253,126,5099,2015-04-22 02:32:31.590,2,0
5254,61,4799,2015-04-22 03:30:34.910,2,0
5263,1499,5261,2015-04-22 20:15:22.473,4,1
5264,1601,5262,2015-04-22 20:30:32.317,3,2
5265,69,5184,2015-04-22 20:36:31.533,3,0
5268,1601,5266,2015-04-22 21:25:32.813,2,1
5270,59,5269,2015-04-22 22:32:44.113,1,0
5272,69,5271,2015-04-23 00:57:46.333,1,3
5273,61,3020,2015-04-23 03:03:41.677,12,0
5274,61,5269,2015-04-23 03:35:06.290,0,0
5277,120,5258,2015-04-23 10:56:33.217,3,4
5279,4409,5267,2015-04-23 15:29:48.663,7,2
5280,4514,4976,2015-04-23 16:25:47.283,3,1
5281,4185,4763,2015-04-23 17:07:56.367,2,2
5282,2938,5276,2015-04-23 17:40:46.623,4,0
5283,4193,5276,2015-04-23 18:33:29.857,4,0
5287,4514,5230,2015-04-23 22:20:38.830,2,0
5289,61,5267,2015-04-24 02:57:28.857,4,0
5296,2938,5288,2015-04-24 09:20:01.640,1,0
5297,2938,35,2015-04-24 12:54:17.997,7,0
5298,2713,4991,2015-04-24 15:37:48.900,1,0
5301,264,5300,2015-04-24 20:28:14.153,9,0
5302,38,5300,2015-04-24 21:31:15.910,4,2
5306,43,5305,2015-04-25 15:59:06.147,22,0
5309,43,5305,2015-04-25 16:54:28.137,14,4
5310,4193,5305,2015-04-25 17:40:10.437,19,1
5311,4363,5308,2015-04-25 17:42:46.363,2,12
5312,47,5300,2015-04-25 18:25:39.917,4,0
5313,69,5307,2015-04-25 19:13:07.307,1,0
5315,38,5305,2015-04-25 23:10:10.743,29,1
5317,61,5304,2015-04-26 00:00:38.647,2,6
5318,38,1621,2015-04-26 01:53:37.603,10,3
5319,385,262,2015-04-26 10:03:22.247,4,0
5321,4201,5286,2015-04-26 12:07:08.757,2,0
5328,38,5327,2015-04-26 20:56:40.987,6,0
5329,,5323,2015-04-26 21:20:35.740,2,0
5330,4185,5327,2015-04-26 21:23:40.397,13,2
5331,4415,5327,2015-04-26 21:54:00.360,6,2
5332,264,5308,2015-04-26 21:54:15.933,6,0
5336,4415,5334,2015-04-27 10:31:03.347,3,3
5337,43,5334,2015-04-27 10:54:57.860,4,5
5338,4415,5320,2015-04-27 10:56:13.067,3,2
5339,69,4487,2015-04-27 13:19:39.593,3,0
5341,69,5305,2015-04-27 14:12:29.210,5,0
5343,4185,5342,2015-04-27 16:03:32.407,2,0
5344,43,5342,2015-04-27 17:54:02.213,7,5
5346,4540,5345,2015-04-27 20:04:31.477,2,0
5348,,5345,2015-04-27 21:16:23.790,4,2
5351,69,5350,2015-04-27 23:28:38.270,3,1
5354,84,5342,2015-04-28 00:55:44.257,3,4
5355,43,5340,2015-04-28 01:34:38.740,4,1
5360,,4437,2015-04-28 08:42:45.310,2,1
5362,240,5276,2015-04-28 10:11:05.837,3,0
5364,43,5363,2015-04-28 11:35:19.497,7,0
5365,127,5304,2015-04-28 11:51:38.523,1,1
5367,69,5366,2015-04-28 12:15:14.043,1,0
5371,43,5370,2015-04-28 14:32:25.607,1,2
5372,108,5368,2015-04-28 16:13:46.053,5,3
5373,1601,5366,2015-04-28 17:17:02.290,2,2
5375,84,5374,2015-04-29 00:45:56.913,6,0
5377,4440,5376,2015-04-29 03:06:10.967,0,0
5378,127,5376,2015-04-29 03:08:55.310,1,0
5379,127,5352,2015-04-29 03:25:15.593,3,0
5382,59,5381,2015-04-29 05:48:09.183,2,0
5383,2679,5380,2015-04-29 07:49:21.537,4,2
5389,69,5381,2015-04-29 12:43:46.533,0,0
5390,1601,5388,2015-04-29 12:49:57.753,1,0
5391,38,4867,2015-04-29 17:23:07.493,4,0
5393,264,5392,2015-04-29 18:19:00.223,4,2
5396,,5394,2015-04-29 19:04:00.887,5,0
5397,127,5326,2015-04-29 19:27:37.130,1,0
5398,4440,5316,2015-04-29 21:20:18.610,1,0
5402,2938,5400,2015-04-30 08:22:11.780,3,0
5403,1601,5400,2015-04-30 09:19:52.593,3,0
5405,108,5404,2015-04-30 12:22:27.303,2,2
5406,1417,5363,2015-04-30 12:31:34.500,3,0
5408,3997,5369,2015-04-30 12:41:58.477,5,5
5409,4415,5394,2015-04-30 13:00:25.243,1,0
5410,4415,5407,2015-04-30 13:11:12.243,2,2
5412,4562,5411,2015-04-30 16:15:02.883,2,0
5413,4514,5399,2015-04-30 16:54:38.987,0,0
5414,4514,5284,2015-04-30 16:57:27.693,4,1
5416,4514,5359,2015-04-30 17:10:30.247,3,0
5417,4514,5415,2015-04-30 17:21:43.747,3,2
5418,2938,5411,2015-04-30 18:24:36.383,1,4
5419,238,412,2015-04-30 18:28:37.547,1,0
5420,2938,5352,2015-04-30 18:32:20.950,3,0
5421,238,3072,2015-04-30 18:57:19.663,8,0
5422,2938,3072,2015-04-30 21:02:15.197,2,0
5424,127,5423,2015-04-30 23:53:42.880,2,2
5425,43,5407,2015-04-30 23:57:28.660,0,0
5426,43,3072,2015-04-30 23:59:15.987,2,0
5430,38,5428,2015-05-01 02:03:07.673,7,0
5433,69,5431,2015-05-01 12:46:32.783,4,0
5434,4514,5432,2015-05-01 12:52:13.477,2,0
5437,238,5218,2015-05-01 16:02:42.393,3,0
5438,119,5399,2015-05-01 16:22:00.493,2,0
5444,43,5441,2015-05-01 20:03:59.253,9,5
5446,4415,5435,2015-05-01 22:11:25.833,1,2
5447,240,5428,2015-05-01 22:13:48.220,5,1
5450,4445,5449,2015-05-02 04:36:18.853,0,1
5451,4445,5357,2015-05-02 05:02:16.200,3,0
5453,108,5357,2015-05-02 08:08:53.883,11,3
5454,120,5452,2015-05-02 11:42:51.407,8,8
5457,120,5456,2015-05-02 16:51:54.320,9,1
5458,47,5304,2015-05-02 20:06:59.007,3,15
5460,1601,5459,2015-05-02 21:50:11.523,6,9
5462,405,4571,2015-05-03 02:21:07.913,3,0
5463,405,5445,2015-05-03 03:44:07.090,5,2
5464,405,5395,2015-05-03 03:59:14.870,2,0
5467,405,5340,2015-05-03 04:46:27.990,14,3
5470,405,4991,2015-05-03 07:03:52.900,7,2
5471,405,4915,2015-05-03 07:16:01.197,1,0
5472,2844,5468,2015-05-03 13:27:09.343,10,2
5474,4177,5473,2015-05-03 14:21:31.670,1,3
5476,61,5380,2015-05-03 15:46:31.490,3,2
5477,2938,5442,2015-05-03 18:55:02.340,3,2
5480,1601,5479,2015-05-03 22:09:55.950,3,4
5486,127,5485,2015-05-04 11:11:15.353,3,2
5491,4440,5489,2015-05-04 18:51:28.540,4,0
5492,238,5490,2015-05-04 18:55:11.890,5,0
5493,84,5489,2015-05-04 19:10:17.763,6,0
5498,264,5497,2015-05-04 22:34:42.223,3,2
5499,84,4951,2015-05-05 00:42:41.057,3,5
5500,61,5484,2015-05-05 00:59:08.997,2,1
5503,4185,5483,2015-05-05 03:01:42.653,6,14
5504,61,5481,2015-05-05 03:47:31.933,4,0
5506,4591,5489,2015-05-05 07:42:19.287,-2,0
5507,4594,3048,2015-05-05 10:26:56.243,6,0
5509,2746,5505,2015-05-05 14:48:35.363,1,1
5510,38,5488,2015-05-05 14:50:35.997,9,4
5513,264,5505,2015-05-05 16:37:15.263,4,0
5514,4599,5489,2015-05-05 18:16:18.327,0,2
5518,2679,5517,2015-05-06 03:35:00.193,21,0
5519,107,5516,2015-05-06 08:10:31.633,1,1
5520,69,5516,2015-05-06 10:36:14.600,3,0
5521,107,5494,2015-05-06 12:22:09.393,2,0
5523,31,5522,2015-05-06 15:04:37.360,2,0
5524,2674,5522,2015-05-06 15:12:12.707,2,0
5528,43,5526,2015-05-06 16:09:20.827,6,2
5530,4603,5526,2015-05-06 17:13:31.957,3,3
5537,43,5536,2015-05-07 01:18:34.253,5,0
5538,61,3163,2015-05-07 02:02:08.147,5,0
5544,69,5541,2015-05-07 12:08:55.953,1,0
5545,4578,3340,2015-05-07 15:08:18.777,6,1
5546,2938,3163,2015-05-07 15:37:42.367,0,0
5547,2674,3340,2015-05-07 15:38:23.730,3,2
5553,43,5551,2015-05-07 18:48:56.257,0,7
5554,43,5549,2015-05-07 18:58:01.610,2,3
5555,61,4956,2015-05-07 19:25:26.910,7,5
5558,61,3346,2015-05-07 20:06:46.780,4,0
5559,61,5539,2015-05-08 00:16:23.140,-4,9
5560,240,4471,2015-05-08 01:10:40.210,11,1
5562,84,5557,2015-05-08 03:21:29.333,4,0
5567,48,5566,2015-05-08 15:14:09.123,10,0
5568,4598,4471,2015-05-08 16:00:58.967,2,0
5569,61,5564,2015-05-08 18:06:18.960,2,0
5570,4622,5566,2015-05-08 19:46:37.730,-5,3
5572,405,5561,2015-05-08 23:57:05.673,6,5
5573,405,5539,2015-05-09 01:46:26.043,2,0
5574,405,5551,2015-05-09 02:48:31.370,2,0
5577,405,5557,2015-05-09 04:12:15.383,10,2
5582,4177,5581,2015-05-09 15:10:06.807,3,0
5583,405,5580,2015-05-09 16:52:38.917,4,1
5586,4185,3270,2015-05-10 05:53:48.030,0,6
5589,69,5587,2015-05-10 13:16:12.570,3,0
5591,43,5588,2015-05-10 13:37:48.983,1,2
5592,1442,5455,2015-05-10 14:45:40.350,5,2
5594,4578,5552,2015-05-10 15:32:15.740,2,0
5595,127,5590,2015-05-10 15:56:33.780,1,0
5597,2679,5596,2015-05-10 18:40:35.027,2,0
5598,4578,4957,2015-05-10 19:17:20.313,1,0
5602,1442,3288,2015-05-11 00:19:57.907,4,0
5603,1442,3404,2015-05-11 00:31:37.993,2,0
5604,1442,4430,2015-05-11 00:58:12.770,4,0
5608,1442,4460,2015-05-11 09:46:57.060,8,0
5609,61,5601,2015-05-11 12:00:23.403,2,0
5610,69,5605,2015-05-11 12:18:06.213,4,0
5611,4578,3288,2015-05-11 12:58:29.730,1,0
5613,61,5612,2015-05-11 15:56:51.517,2,2
5616,4570,4765,2015-05-11 21:03:20.960,2,0
5618,1442,5614,2015-05-11 21:33:34.070,9,4
5620,127,4957,2015-05-12 00:07:09.673,1,0
5621,61,5585,2015-05-12 01:06:14.557,2,0
5623,127,5615,2015-05-12 02:02:47.923,2,0
5624,405,4765,2015-05-12 03:20:50.943,6,0
5626,107,5625,2015-05-12 07:56:55.473,6,7
5629,43,5627,2015-05-12 12:29:09.843,2,9
5630,69,5625,2015-05-12 13:03:07.237,1,0
5632,4193,5627,2015-05-12 19:20:49.233,0,0
5633,4193,5631,2015-05-12 19:50:46.470,0,0
5634,4598,5631,2015-05-12 21:43:36.330,3,0
5636,2679,5357,2015-05-13 01:45:37.020,1,0
5637,238,5596,2015-05-13 03:18:31.013,3,2
5640,4578,5639,2015-05-13 10:58:53.990,9,2
5641,69,5639,2015-05-13 12:02:34.730,4,0
5642,43,1815,2015-05-13 12:36:41.327,2,0
5644,4578,5635,2015-05-13 16:18:51.387,5,0
5646,4578,5539,2015-05-13 18:33:24.723,0,0
5648,61,5635,2015-05-13 22:41:15.537,2,8
5649,61,5619,2015-05-13 23:49:17.877,1,0
5651,40,5650,2015-05-14 01:51:03.920,1,1
5653,61,5650,2015-05-14 03:06:03.850,5,3
5654,4665,5638,2015-05-14 05:38:55.167,2,0
5657,61,5652,2015-05-14 13:27:30.233,5,0
5658,4667,5563,2015-05-14 14:06:16.363,5,2
5660,4474,5655,2015-05-14 16:01:58.507,2,1
5664,4667,5661,2015-05-14 18:36:11.110,5,0
5665,43,5659,2015-05-14 20:20:35.067,1,19
5668,4590,5645,2015-05-15 11:30:21.190,2,0
5671,4578,142,2015-05-15 13:12:36.610,3,0
5674,61,5659,2015-05-15 20:39:01.350,5,2
5675,69,5673,2015-05-15 20:56:17.590,3,0
5677,4578,5656,2015-05-15 23:50:34.020,1,0
5678,4185,5661,2015-05-16 05:24:17.077,3,0
5679,108,5650,2015-05-16 14:35:02.430,1,0
5681,17,5661,2015-05-16 17:31:50.893,1,0
5682,61,4613,2015-05-16 19:53:22.460,2,0
5683,1601,4613,2015-05-16 20:26:24.867,2,4
5687,4185,5635,2015-05-17 07:08:19.463,0,0
5689,4667,5686,2015-05-17 09:55:35.750,1,0
5690,1601,5686,2015-05-17 10:36:34.440,2,1
5692,4693,5666,2015-05-17 20:50:08.263,-1,1
